Time:269
Last Iter:1500
33
38 51 24 62 16 58 5 55 19 96 9 93 89 32 48 |99 69 95 61 45 57 42 33 26 88 43 47 17 |54 7 70 13 46 63 15 98 91 75 53 97 68 84 67 |59 14 21 56 37 12 90 49 80 76 82 83 86 ||100 65 |23 79 |92 22 77 36 18 29 |81 20 10 |8 11 1 3 39 30 |6 41 64 71 27 34 2 |28 72 74 40 73 85 |87 31 52 44 78 35 |4 66 25 |94 50 60 
5540.97 173609
47 19 26 33 42 57 45 61 95 63 15 98 |48 32 5 55 89 93 9 88 43 53 97 68 67 86 |58 16 62 24 76 80 49 90 84 82 38 51 83 |12 37 69 56 21 14 70 46 13 7 59 54 91 75 17 ||4 |27 20 |77 41 64 |72 66 30 31 71 52 44 22 60 |39 18 87 96 8 99 100 ||79 94 2 74 29 6 65 |28 78 36 1 25 73 85 50 |23 35 92 11 |34 |81 10 40 3 |
6107.35 160883
47 93 32 89 55 19 58 16 62 24 51 38 83 67 86 |95 61 69 49 80 76 90 12 82 84 68 97 |48 37 56 21 14 70 13 46 63 7 59 54 91 75 53 |5 9 45 57 42 33 26 88 43 15 98 17 ||100 3 1 |41 78 |44 36 77 22 11 94 |71 64 |60 35 92 27 85 52 87 |29 39 66 79 31 |4 30 96 34 |50 65 23 73 8 99 |6 |18 |72 10 2 |25 20 |74 |28 |81 |40 
6484.62 153121
47 93 32 89 55 19 58 16 62 24 51 38 83 67 86 |5 9 88 43 26 33 42 57 45 61 95 15 98 17 |48 37 76 80 49 90 12 82 84 68 53 97 |69 56 21 14 70 13 46 63 7 59 54 91 75 ||34 |96 77 |44 |72 39 |40 29 74 |27 8 |87 18 31 |73 |36 2 |23 10 20 |100 ||60 |66 50 |99 35 1 |6 |4 |30 |92 |25 |79 |78 71 |64 41 |85 65 |28 22 |81 3 |94 |52 |11 
6631.49 119024
47 93 32 89 55 19 5 58 16 62 24 51 38 83 67 86 |9 88 43 26 33 42 57 45 61 95 15 98 17 |48 37 76 80 49 90 12 82 84 68 53 97 |69 56 21 14 70 13 46 63 7 59 54 91 75 ||34 |96 77 |44 |72 39 |40 29 74 |27 8 |87 18 31 |73 |36 2 |23 10 20 |100 ||60 |66 50 |99 35 1 |6 |4 |30 |92 |25 |79 |78 71 |64 41 |85 65 |28 22 |81 |3 |94 |52 |11 
6804.14 116840
47 93 32 89 55 19 5 58 16 62 24 51 38 83 67 86 |9 88 43 26 33 42 57 45 61 95 15 98 17 |48 37 49 80 76 90 12 82 84 68 53 97 |69 56 21 14 70 13 46 63 7 59 54 91 75 ||79 |96 22 |11 |77 44 |18 |85 |29 |10 20 72 50 74 |71 |8 |23 40 |2 |66 39 |60 |99 100 ||87 |65 |92 |64 6 |52 |35 1 |4 |30 31 |41 |34 |25 |73 |81 |94 27 |3 |28 |36 |78 
7031.47 115601
47 93 32 89 55 19 5 58 16 62 24 51 38 83 67 86 |9 88 43 26 33 42 57 45 61 95 15 98 17 |48 37 49 80 76 90 12 82 84 68 53 97 |69 56 21 14 70 13 46 63 7 59 54 91 75 ||79 |96 77 22 |11 |44 |73 |29 |10 20 |25 |74 |85 |60 |71 |100 ||8 |23 40 |2 |66 39 |87 |92 99 |50 |65 |64 6 |52 |35 1 |4 |18 30 |81 |34 |72 |31 |41 |94 27 |36 28 |3 |78 
7211.53 114491
47 93 32 89 55 19 5 58 16 62 24 51 38 83 67 86 |9 88 43 26 33 42 57 45 61 95 15 98 17 |48 37 49 80 76 90 12 82 84 68 53 97 |69 56 21 14 70 13 46 63 7 59 54 91 75 ||79 |96 77 22 |11 |44 |73 |29 |10 20 |25 |74 |85 |60 |71 |100 ||8 |23 40 |2 |66 39 |87 |92 99 |50 |65 |64 6 |52 |35 1 |4 |18 30 |81 |34 |72 |31 |41 |94 27 |28 |3 |36 |78 
7355.4 114167
47 93 32 89 55 19 5 58 16 62 24 51 38 83 67 86 |9 88 43 26 33 42 57 45 61 95 15 98 17 |48 37 49 80 76 90 12 82 84 68 53 97 |69 56 21 14 70 13 46 63 7 59 54 91 75 ||79 |96 22 |11 |44 |31 |50 |29 |10 20 |25 |74 |85 |60 |71 |100 ||8 |23 40 |2 |66 39 |73 |92 99 |87 |65 |64 6 |52 |35 1 |4 |81 |41 |34 |30 |36 |18 72 |77 |94 27 |28 |3 |78 
7440.74 114158
47 93 32 89 55 19 5 58 16 62 24 51 38 83 67 86 |9 88 43 26 33 42 57 45 61 95 15 98 17 |48 37 49 80 76 90 12 82 84 68 53 97 |69 56 21 14 70 13 46 63 7 59 54 91 75 ||79 |96 77 |11 |44 |31 |50 |29 |10 20 |25 |74 |85 |60 |71 |100 ||8 |23 40 |2 |66 39 |73 |92 99 |87 |65 |64 6 |52 |35 1 |4 72 |18 |30 |41 |34 |22 |36 |28 |94 27 |81 |3 |78 
7460.21 114105
47 93 32 89 55 19 5 58 16 62 24 51 38 83 67 86 |9 88 43 26 33 42 57 45 61 95 15 98 17 |48 37 49 80 76 90 12 82 84 68 53 97 |69 56 21 14 70 13 46 63 7 59 54 91 75 ||79 |96 77 |11 |44 |31 |50 |29 |10 20 |25 |74 |85 |60 |71 |100 ||8 |23 40 |2 |66 39 |73 |92 99 |87 |65 |64 6 |52 |35 1 |4 |81 |41 |34 |72 |22 |36 |30 |94 27 |28 |3 |78 |18 
7481.34 113987
47 93 32 89 55 19 5 58 16 62 24 51 38 83 67 86 |9 88 43 26 33 42 57 45 61 95 15 98 17 |48 37 49 80 76 90 12 82 84 68 53 97 |69 56 21 14 70 13 46 63 7 59 54 91 75 ||79 |96 22 |11 |44 |18 |72 |29 74 |10 20 |25 |85 |50 |71 |100 ||8 |23 40 |2 |66 39 |73 |99 |87 |65 |92 |64 6 |52 |35 1 |60 |36 |41 |34 |77 |4 |81 |94 27 |3 |78 |28 |30 |31 
7558.26 113966
47 93 32 89 55 19 5 58 16 62 24 51 38 83 67 86 |9 88 43 26 33 42 57 45 61 95 15 98 17 |48 37 49 80 76 90 12 82 84 68 53 97 |69 56 21 14 70 13 46 63 7 59 54 91 75 ||79 |96 77 |11 |44 |85 |25 |29 |10 20 |31 |74 |73 |60 |71 |100 ||18 |23 40 |2 |66 39 |50 |8 |87 |65 |52 |64 6 |92 |35 1 |4 |81 |41 |34 |99 |22 |36 |30 |28 |94 27 |3 |72 |78 
7594.47 113931
47 93 32 89 55 19 5 58 16 62 24 51 38 83 67 86 |9 88 43 26 33 42 57 45 61 95 15 98 17 |48 37 49 80 76 90 12 82 84 68 53 97 |69 56 21 14 70 13 46 63 7 59 54 91 75 ||79 |96 22 |11 |44 |31 |73 |29 |10 20 |25 |74 |85 |72 |71 |100 ||8 |23 40 |2 |66 39 |50 |99 |87 |65 |52 |64 6 |92 |35 1 |4 |30 |41 |18 |34 |77 |36 |81 |94 27 |28 |60 |3 |78 
7641.19 113917
47 93 32 89 55 19 5 58 16 62 24 51 38 83 67 86 |9 88 43 26 33 42 57 45 61 95 15 98 17 |48 37 49 80 76 90 12 82 84 68 53 97 |69 56 21 14 70 13 46 63 7 59 54 91 75 ||79 |96 77 |11 |44 |73 |31 |29 |10 20 |25 |74 |50 |60 |71 |65 |8 |23 40 |2 |66 39 |85 |6 |87 |100 ||99 |64 52 |4 |35 1 |92 |30 |41 |34 |18 |72 |36 |81 |22 |94 27 |3 |28 |78 
7643.57 113899
47 93 32 89 55 19 5 58 16 62 24 51 38 83 67 86 |9 88 43 26 33 42 57 45 61 95 15 98 17 |48 37 49 80 76 90 12 82 84 68 53 97 |69 56 21 14 70 13 46 63 7 59 54 91 75 ||79 |96 22 |11 |44 |73 |31 |29 |10 20 |25 |74 |50 |60 |71 |65 |8 |23 40 |100 ||66 39 |87 |92 |85 |2 |99 |64 52 |4 |35 1 |6 |81 |41 |34 |18 |77 |36 |30 |28 |94 27 |72 |78 |3 
7704.68 113886
47 93 32 89 55 19 5 58 16 62 24 51 38 83 67 86 |9 88 43 26 33 42 57 45 61 95 15 98 17 |48 37 49 80 76 90 12 82 84 68 53 97 |69 56 21 14 70 13 46 63 7 59 54 91 75 ||79 |96 77 |11 |44 |72 |85 |29 |10 20 |31 |74 |50 |60 |71 |8 |2 |23 40 |100 ||66 39 |25 |18 |87 |65 |52 |64 6 |92 |35 1 |4 |81 |41 |34 |22 |73 |36 |99 |28 |27 |3 |94 |30 |78 
7778.68 113881
47 93 32 89 55 19 5 58 16 62 24 51 38 83 67 86 |9 88 43 26 33 42 57 45 61 95 15 98 17 |48 37 49 80 76 90 12 82 84 68 53 97 |69 56 21 14 70 13 46 63 7 59 54 91 75 ||79 |96 77 |11 |44 |100 ||31 |29 |10 20 |25 |74 |85 |8 |71 |22 |72 |23 40 |2 |66 39 |73 |99 |81 |65 |52 |64 6 |35 |50 |4 |92 |30 |41 |18 |60 |34 |36 |1 |94 27 |3 |28 |87 |78 
7780.5 113865
47 93 32 89 55 19 5 58 16 62 24 51 38 83 67 86 |9 88 43 26 33 42 57 45 61 95 15 98 17 |48 37 49 80 76 90 12 82 84 68 53 97 |69 56 21 14 70 13 46 63 7 59 54 91 75 ||79 |96 22 |11 |44 |100 ||31 |29 |10 20 |25 |74 |50 |60 |71 |99 |8 |23 40 |2 |66 39 |77 |73 |87 |65 |52 |64 6 |35 |85 |4 |92 |30 |41 |34 |72 |1 |36 |18 |94 27 |3 |78 |81 |28 
7808.46 113851
47 93 32 89 55 19 5 58 16 62 24 51 38 83 67 86 |9 88 43 26 33 42 57 45 61 95 15 98 17 |48 37 49 80 76 90 12 82 84 68 53 97 |69 56 21 14 70 13 46 63 7 59 54 91 75 ||79 |96 77 |11 |44 |99 |25 |29 |10 20 |31 |74 |50 |60 |100 ||18 |8 |23 40 |2 |66 39 |92 |87 |85 |65 |71 |64 52 |4 |35 1 |81 |6 |41 |34 |72 |22 |30 |94 |73 |28 |27 |3 |36 |78 
7825.66 113850
47 93 32 89 55 19 5 58 16 62 24 51 38 83 67 86 |9 88 43 26 33 42 57 45 61 95 15 98 17 |48 37 49 80 76 90 12 82 84 68 53 97 |69 56 21 14 70 13 46 63 7 59 54 91 75 ||6 |96 77 |11 |44 |72 |25 |29 |10 20 |31 |74 |85 |60 |79 |2 |8 |23 40 |65 |66 39 |22 |87 |50 |1 |99 |64 52 |35 |4 |71 |73 |81 |41 |34 |100 ||92 |36 |30 |94 27 |18 |28 |3 |78 
7836.36 113833
47 93 32 89 55 19 5 58 16 62 24 51 38 83 67 86 |9 88 43 26 33 42 57 45 61 95 15 98 17 |48 37 49 80 76 90 12 82 84 68 53 97 |69 56 21 14 70 13 46 63 7 59 54 91 75 ||79 |96 22 |11 |44 |99 |25 |29 |10 20 |31 |74 |73 |60 |6 |100 ||8 |23 40 |2 |66 39 |92 |87 |85 |65 |18 |64 52 |35 |71 |4 |50 |30 |41 |34 |1 |72 |36 |81 |94 27 |3 |28 |77 |78 
7894.75 113820
47 93 32 89 55 19 5 58 16 62 24 51 38 83 67 86 |9 88 43 26 33 42 57 45 61 95 15 98 17 |48 37 49 80 76 90 12 82 84 68 53 97 |69 56 21 14 70 13 46 63 7 59 54 91 75 ||79 |96 77 |11 |44 |18 |50 |29 |10 20 |31 |74 |73 |99 |71 |100 ||8 |23 40 |2 |66 39 |92 |87 |85 |65 |1 |64 6 |35 |60 |4 |52 |30 |72 |34 |41 |25 |36 |22 |28 |27 |3 |94 |81 |78 
7939.27 113815
47 93 32 89 55 19 5 58 16 62 24 51 38 83 67 86 |9 88 43 26 33 42 57 45 61 95 15 98 17 |48 37 49 80 76 90 12 82 84 68 53 97 |69 56 21 14 70 13 46 63 7 59 54 91 75 ||79 |96 77 |11 |44 |72 |50 |29 |10 20 |31 |74 |73 |99 |71 |100 ||87 |23 40 |25 |66 39 |65 |18 |8 |2 |6 |64 |92 |22 |60 |4 |1 |30 |41 |34 |85 |52 |36 |81 |94 27 |28 |35 |3 |78 
7986.8 113783
47 93 32 89 55 19 5 58 16 62 24 51 38 83 67 86 |9 88 43 26 33 42 57 45 61 95 15 98 17 |48 37 49 80 76 90 12 82 84 68 53 97 |69 56 21 14 70 13 46 63 7 59 54 91 75 ||79 |96 22 |11 |44 |100 ||73 |72 |10 20 |2 |74 |1 |77 |71 |18 |8 |23 40 |25 |66 39 |87 |85 |6 |65 |99 |64 |52 |92 |60 |4 |50 |30 |41 |34 |29 |31 |36 |81 |94 27 |28 |35 |3 |78 
8041.35 113769
47 93 32 89 55 19 5 58 16 62 24 51 38 83 67 86 |9 88 43 26 33 42 57 45 61 95 15 98 17 |48 37 49 80 76 90 12 82 84 68 53 97 |69 56 21 14 70 13 46 63 7 59 54 91 75 ||79 |96 25 |11 |44 |18 |85 |29 |10 20 |31 |74 |100 ||60 |22 |71 |8 |23 40 |2 |66 39 |73 |1 |72 |65 |92 |64 |87 |6 |99 |4 |50 |30 |41 |52 |34 |77 |36 |81 |35 |28 |94 27 |3 |78 
8103.93 113768
47 93 32 89 55 19 5 58 16 62 24 51 38 83 67 86 |9 88 43 26 33 42 57 45 61 95 15 98 17 |48 37 49 80 76 90 12 82 84 68 53 97 |69 56 21 14 70 13 46 63 7 59 54 91 75 ||6 |96 77 |11 |44 |18 |73 |1 |10 20 |72 |74 |25 |99 |71 |100 ||8 |23 40 |2 |66 39 |92 |87 |85 |65 |79 |64 |52 |41 |29 |4 |35 |81 |60 |34 |50 |31 |94 |3 |28 |27 |30 |22 |36 |78 
8162.24 113733
47 93 32 89 55 19 5 58 16 62 24 51 38 83 67 86 |9 88 43 26 33 42 57 45 61 95 15 98 17 |48 37 49 80 76 90 12 82 84 68 53 97 |69 56 21 14 70 13 46 63 7 59 54 91 75 ||79 |96 22 |11 |44 |100 ||31 |29 |10 20 |1 |74 |85 |60 |71 |2 |8 |23 40 |73 |66 39 |25 |18 |64 |65 |92 |41 |52 |77 |99 |4 |6 |30 |87 |34 |81 |3 |94 |50 |28 |27 |35 |36 |72 |78 
8207.4 113720
47 93 32 89 55 19 5 58 16 62 24 51 38 83 67 86 |9 88 43 26 33 42 57 45 61 95 15 98 17 |48 37 49 80 76 90 12 82 84 68 53 97 |69 56 21 14 70 13 46 63 7 59 54 91 75 ||79 |96 22 |11 |44 |18 |73 |77 |10 20 |72 |74 |25 |1 |71 |100 ||8 |23 40 |2 |66 |31 |87 |81 |30 |92 |64 52 |35 |60 |4 |39 |29 |41 |34 |99 |3 |94 |50 |6 |28 |27 |65 |85 |78 |36 
8290.3 113709
47 93 32 89 55 19 5 58 16 62 24 51 38 83 67 86 |9 88 43 26 33 42 57 45 61 95 15 98 17 |48 37 49 80 76 90 12 82 84 68 53 97 |69 56 21 14 70 13 46 63 7 59 54 91 75 ||79 |96 25 |11 |44 |18 |100 ||29 |10 20 |31 |74 |50 |60 |39 |8 |2 |23 40 |6 |66 |72 |71 |81 |30 |99 |64 52 |4 |1 |35 |77 |92 |41 |34 |22 |3 |94 |65 |73 |28 |27 |87 |85 |36 |78 
8336.71 113708
47 93 32 89 55 19 5 58 16 62 24 51 38 83 67 86 |9 88 43 26 33 42 57 45 61 95 15 98 17 |48 37 49 80 76 90 12 82 84 68 53 97 |69 56 21 14 70 13 46 63 7 59 54 91 75 ||79 |96 77 |11 |44 |22 |72 |29 |10 20 |31 |74 |25 |3 |71 |50 |18 |23 40 |2 |66 |6 |87 |64 |65 |92 |81 |52 |35 |1 |4 |60 |99 |41 |34 |100 ||8 |94 |73 |39 |28 |27 |78 |36 |30 |85 
8352.48 113672
47 93 32 89 55 19 5 58 16 62 24 51 38 83 67 86 |9 88 43 26 33 42 57 45 61 95 15 98 17 |48 37 49 80 76 90 12 82 84 68 53 97 |69 56 21 14 70 13 46 63 7 59 54 91 75 ||6 |96 22 |11 |44 |72 |25 |71 |10 20 |31 |74 |99 |60 |79 |73 |8 |23 40 |2 |66 |77 |87 |64 |30 |92 |29 |52 |35 |1 |4 |100 ||18 |41 |34 |81 |65 |94 |3 |39 |28 |27 |50 |36 |78 |85 
8411.17 113659
47 93 32 89 55 19 5 58 16 62 24 51 38 83 67 86 |9 88 43 26 33 42 57 45 61 95 15 98 17 |48 37 49 80 76 90 12 82 84 68 53 97 |69 56 21 14 70 13 46 63 7 59 54 91 75 ||79 |96 25 |11 |44 |73 |99 |29 |10 20 |31 |74 |6 |60 |22 |71 |8 |23 40 |2 |66 |77 |87 |64 |30 |92 |72 |52 |35 |1 |4 |100 ||18 |41 |34 |81 |65 |94 |50 |39 |28 |36 |3 |27 |85 |78 
8468.02 113657

Time:497
Last Iter:1500
45
95 63 70 14 21 69 24 62 51 38 83 67 86 |5 16 58 19 9 17 15 46 13 7 59 54 91 75 53 97 |61 45 57 42 33 26 43 88 47 93 55 89 32 48 |98 84 82 76 80 49 90 12 56 37 68 ||20 10 |4 |8 3 74 |66 23 79 |31 44 |40 39 30 52 87 6 |22 1 92 100 99 25 |29 81 27 2 50 85 |18 71 64 36 77 60 65 |96 11 |72 |78 |41 28 |34 |73 35 |94 
5309.08 149449
68 84 21 14 70 13 46 63 95 15 98 17 |49 76 80 90 12 37 56 69 7 59 54 91 75 53 97 |82 61 45 57 42 33 26 43 47 93 32 48 86 |88 9 89 55 19 5 58 16 62 24 51 38 83 67 ||92 34 29 |73 1 27 |100 99 8 85 |71 77 |25 60 |44 41 28 36 96 65 |20 10 |81 3 |35 |18 72 39 |94 79 50 2 |64 78 |74 |31 30 |66 4 |23 40 |52 6 87 |22 11 |
5362.45 129865
21 14 70 13 46 63 95 15 98 17 |82 84 76 80 49 90 12 37 56 69 7 59 54 91 75 53 97 |68 61 45 57 42 33 26 43 47 93 32 48 86 |88 9 89 55 19 5 58 16 62 24 51 38 83 67 ||81 3 |92 34 94 |65 27 |100 99 8 85 |44 |64 78 |40 2 |41 96 |73 11 |20 10 29 |35 |18 72 39 |23 79 |77 |25 60 |74 |50 |31 30 |71 66 4 |1 52 6 87 |22 36 28 |
5611.78 124344
21 14 70 13 46 63 95 15 98 17 |82 84 76 80 49 90 12 37 56 69 7 59 54 91 75 53 97 |68 61 45 57 42 33 26 43 47 93 32 48 86 |88 9 89 55 19 5 58 16 62 24 51 38 83 67 ||81 3 |92 65 |34 94 27 |100 99 8 85 |71 66 |64 78 |40 2 |41 96 |73 11 |20 10 29 |35 |18 72 39 |23 79 |77 |25 60 |74 |50 |31 30 |44 4 |1 52 6 87 |22 36 28 |
5714.02 123757
21 14 70 13 46 63 95 15 98 17 |82 84 76 80 49 90 12 37 56 69 7 59 54 91 75 53 97 |68 61 45 57 42 33 26 43 88 9 93 32 48 86 |47 89 55 19 5 58 16 62 24 51 38 83 67 ||81 3 |92 34 94 |65 27 |100 99 8 85 |71 66 |64 78 |40 2 |41 96 |73 11 |20 10 29 |35 |18 72 39 |23 79 |77 |25 60 |74 |50 |31 30 |44 4 |1 52 6 87 |22 36 28 |
5772.43 123681
91 54 59 7 21 14 70 13 46 63 95 61 15 98 17 |84 82 76 80 49 90 12 37 56 69 68 97 53 75 |43 45 57 42 33 26 9 88 93 32 48 86 |47 19 55 89 5 58 16 62 24 51 38 83 67 ||4 |100 ||78 28 |40 |35 1 |2 |96 |11 73 |60 8 |39 66 72 |65 |50 |3 79 27 |85 |64 6 87 |92 |44 25 |99 |29 74 |22 |94 |20 23 |10 81 |77 |36 41 52 |31 30 |71 18 |34 
6071.26 113670
91 54 59 7 21 14 70 13 46 63 95 61 15 98 17 |84 82 76 80 49 90 12 37 56 69 68 97 53 75 |43 45 57 42 33 26 9 88 93 32 48 86 |47 19 55 89 5 58 16 62 24 51 38 83 67 ||4 |100 ||78 28 |40 |35 1 |2 |96 |60 11 73 8 |39 66 72 |65 |79 27 |50 |3 |85 |64 6 87 |92 |44 25 |99 |29 74 |22 |94 |20 23 |10 81 |77 |36 41 52 |31 30 |71 18 |34 
6075.37 113512
91 54 59 7 21 14 70 13 46 63 95 61 15 98 17 |84 82 76 80 49 90 12 37 56 69 68 97 53 75 |43 45 57 42 33 26 9 88 93 32 48 86 |47 19 55 89 5 58 16 62 24 51 38 83 67 ||4 39 66 |100 ||78 28 |40 |92 |2 |96 |11 73 |3 8 |72 |65 |79 27 |50 |60 |85 |64 6 87 |35 1 |44 25 |99 |22 |94 |20 23 29 74 |10 81 |77 |36 41 52 |31 30 |71 18 |34 
6110.64 112997
91 54 59 7 21 14 70 13 46 63 95 61 15 98 17 |84 82 76 80 49 90 12 37 56 69 68 97 53 75 |43 45 57 42 33 26 9 88 93 32 48 86 |47 19 55 89 5 58 16 62 24 51 38 83 67 ||66 4 39 |100 ||78 28 |40 |92 |2 |96 |11 73 |3 8 |72 |65 |79 27 |50 |60 |85 |64 6 87 |35 1 |44 25 |99 |29 74 |22 |94 |20 23 |10 81 |77 |36 41 52 |31 30 |71 18 |34 
6122.87 112756
75 91 54 59 7 14 70 13 46 63 95 61 15 98 17 |84 82 76 80 49 90 12 37 56 21 69 68 53 97 |43 45 57 42 33 26 88 9 93 32 48 86 |47 19 55 89 5 58 16 62 24 51 38 83 67 ||4 39 66 |100 ||78 28 |40 |92 |2 |96 |11 73 |3 8 |72 |65 |79 27 |50 |60 |25 |64 6 87 |35 1 |44 52 |99 |29 74 |22 |94 |20 81 |10 23 |77 |85 |36 41 |31 30 |71 18 |34 
6143.96 110908
75 91 54 59 7 14 70 13 46 63 95 61 15 98 17 |84 82 76 80 49 90 12 37 56 21 69 68 53 97 |43 45 57 42 33 26 9 88 93 32 48 86 |47 19 55 89 5 58 16 62 24 51 38 83 67 ||77 |92 |78 28 |4 74 |99 |40 2 |35 |73 11 |100 ||39 29 |65 |94 27 |50 |3 |85 |6 87 |1 |25 |60 |8 |79 |10 20 |34 |23 81 |22 |96 |36 |66 72 |41 44 |64 52 |71 31 30 18 |
6620.75 110890
75 91 54 59 7 14 70 13 46 63 95 61 15 98 17 |84 82 76 80 49 90 12 37 56 21 69 68 53 97 |43 45 57 42 33 26 88 9 93 32 48 86 |47 19 55 89 5 58 16 62 24 51 38 83 67 ||40 2 |4 |92 |78 28 |60 |96 |11 |99 |73 |35 100 ||39 29 |65 |18 |50 |3 |85 |6 87 |1 |44 |25 |34 |8 |94 |10 20 |74 |23 81 |77 |66 72 |36 22 |41 |64 52 |71 31 30 |79 27 |
6786.7 110381
75 91 54 59 7 14 70 13 46 63 95 61 15 98 17 |84 82 76 80 49 90 12 37 56 21 69 68 53 97 |43 45 57 42 33 26 88 9 93 32 48 86 |47 19 55 89 5 58 16 62 24 51 38 83 67 ||40 2 |4 |35 |78 28 |60 |92 100 ||11 |99 |73 |96 |10 20 |65 |18 |50 |3 |85 |6 87 |1 |44 |25 |34 |8 |94 |39 |29 74 |23 81 |77 |66 72 |36 22 |41 |64 52 |71 31 30 |79 27 |
6792.42 110200
75 91 54 59 7 14 70 13 46 63 95 61 15 98 17 |84 82 76 80 49 90 12 37 56 21 69 68 53 97 |43 45 57 42 33 26 88 9 93 32 48 86 |47 19 55 89 5 58 16 62 24 51 38 83 67 ||40 |4 |35 |78 28 |60 |92 100 ||11 |99 |73 |96 |10 20 29 |65 |18 |50 |3 |85 |6 87 |1 |44 |25 |34 |8 |94 |39 |2 |74 |23 81 |77 |66 72 |36 22 |41 |64 52 |71 31 30 |79 27 |
6829.58 110197
75 91 54 59 7 14 70 13 46 63 95 61 15 98 17 |84 82 76 80 49 90 12 37 56 21 69 68 53 97 |43 45 57 42 33 26 88 9 93 32 48 86 |47 19 55 89 5 58 16 62 24 51 38 83 67 ||96 |4 |92 |78 28 |34 |36 |73 |25 |77 |2 |29 |72 |65 |79 27 |50 |3 85 |6 87 |52 |44 |60 11 |74 |8 |94 |10 20 |22 |23 81 |40 |66 39 |41 |99 100 ||35 1 |18 |64 |71 31 30 
6921.35 110160
75 91 54 59 7 14 70 13 46 63 95 61 15 98 17 |84 82 76 80 49 90 12 37 56 21 69 68 53 97 |43 45 57 42 33 26 88 9 93 32 48 86 |47 19 55 89 5 58 16 62 24 51 38 83 67 ||4 |85 |66 39 |78 28 |34 |40 |96 |30 |25 |77 |2 |92 |72 |50 |3 |79 27 |6 87 |100 ||44 |73 11 |74 |99 8 |94 |10 20 |22 |23 81 |18 |29 |31 |71 |41 36 |64 52 |35 1 |60 |65 
6984.85 110130
75 91 54 59 7 14 70 13 46 63 95 61 15 98 17 |84 82 76 80 49 90 12 37 56 21 69 68 53 97 |43 45 57 42 33 26 88 9 93 32 48 86 |47 19 55 89 5 58 16 62 24 51 38 83 67 ||96 |94 |92 |78 41 |30 |35 1 |34 |73 11 |2 |77 |72 |52 |65 |79 27 |50 |3 |85 |64 |100 ||44 |22 25 |60 |8 |4 |10 20 |31 |23 40 |74 |29 |36 |81 |66 39 |99 |18 |28 6 87 |71 
7155.96 110049
75 91 54 59 7 14 70 13 46 63 95 61 15 98 17 |84 82 76 80 49 90 12 37 56 21 69 68 53 97 |43 45 57 42 33 26 88 9 93 32 48 86 |47 19 55 89 5 58 16 62 24 51 38 83 67 ||4 |92 |78 28 |34 |35 1 |96 |30 |25 |77 |2 |66 39 |72 |65 |79 27 |50 |3 |85 |6 87 |100 ||44 |73 11 |74 |99 8 |94 |10 20 |22 |23 81 |18 |29 |31 |71 |41 |36 |40 |64 52 |60 |
7235.2 109999
75 91 54 59 7 14 70 13 46 63 95 61 15 98 17 |84 82 76 80 49 90 12 37 56 21 69 68 53 97 |43 45 57 42 33 26 88 9 93 32 48 86 |47 19 55 89 5 58 16 62 24 51 38 83 67 ||96 |92 |78 28 |30 |50 |4 |3 |35 1 73 |74 |22 |72 |66 39 |100 ||2 |79 27 |77 |85 |6 87 |65 |44 |25 |99 |8 |94 |10 20 |31 |23 |34 |11 |29 |81 40 |41 |36 |60 |64 52 |18 |71 
7312.73 109983
75 91 54 59 7 14 70 13 46 63 95 61 15 98 17 |84 82 76 80 49 90 12 37 56 21 69 68 53 97 |43 45 57 42 33 26 88 9 93 32 48 86 |47 19 55 89 5 58 16 62 24 51 38 83 67 ||4 |92 |78 28 |40 |35 1 |2 |96 |11 |73 |22 |99 |77 |66 39 |65 |50 |3 |85 |6 87 |79 27 |100 ||44 |25 |60 |94 |8 |10 20 |72 |23 81 |74 |30 |29 |36 |18 |41 |31 |64 52 |34 |71 
7338.12 109866
75 91 54 59 7 14 70 13 46 63 95 61 15 98 17 |84 82 76 80 49 90 12 37 56 21 69 68 53 97 |43 45 57 42 33 26 88 9 93 32 48 86 |47 19 55 89 5 58 16 62 24 51 38 83 67 ||4 |66 39 |78 28 |34 |96 |100 ||74 |73 |71 |11 |81 |2 |92 |72 |65 |79 27 |50 |3 |85 |6 87 |1 |44 |25 |99 |8 |94 |10 20 |22 |36 |18 |29 |77 |30 |41 |23 40 |35 |64 52 |60 |31 |
7540.98 109795
75 91 54 59 7 14 70 13 46 63 95 61 15 98 17 |84 82 76 80 49 90 12 37 56 21 69 68 53 97 |43 45 57 42 33 26 88 9 93 32 48 86 |47 19 55 89 5 58 16 62 24 51 38 83 67 ||4 |92 |78 28 |60 |29 |100 ||35 |34 |2 |11 |18 |99 |31 |44 |65 |41 |74 |3 |85 |6 87 |1 |66 39 |25 |94 |52 |8 |10 20 |81 |23 40 |77 |73 |30 |96 |50 |79 27 |36 |22 |64 |71 |72 
7677.23 109744
75 91 54 59 7 14 70 13 46 63 95 61 15 98 17 |84 82 76 80 49 90 12 37 56 21 69 68 53 97 |43 45 57 42 33 26 88 9 93 32 48 86 |47 19 55 89 5 58 16 62 24 51 38 83 67 ||4 |92 |78 41 |60 |30 |100 ||35 |34 |2 |11 |18 |99 |72 |44 |65 |28 |74 |3 |85 |6 87 |1 |66 39 |25 |94 |52 |8 |10 20 |81 |23 40 |77 |73 |29 |96 |50 |79 27 |36 |22 |64 |71 |31 
7754.46 109742
75 91 54 59 7 14 70 13 46 63 95 61 15 98 17 |84 82 76 80 49 90 12 37 56 21 69 68 53 97 |43 45 57 42 33 26 88 9 93 32 48 86 |47 19 55 89 5 58 16 62 24 51 38 83 67 ||96 |92 |78 28 |73 |77 |35 |31 |11 |2 |29 |18 |100 ||72 |66 39 |65 |79 50 |30 |3 |85 |6 87 |60 |44 |25 |99 |94 |4 |10 20 |22 |23 40 |34 |8 |36 |52 |1 |41 |81 |64 |74 |27 |71 
7777.91 109716
75 91 54 59 7 14 70 13 46 63 95 61 15 98 17 |84 82 76 80 49 90 12 37 56 21 69 68 53 97 |43 45 57 42 33 26 88 9 93 32 48 86 |47 19 55 89 5 58 16 62 24 51 38 83 67 ||96 |44 |78 28 |22 |35 |100 ||2 |81 |30 |11 |73 |18 |72 |66 39 |65 |79 27 |74 |3 |85 |60 |87 |1 |92 |52 |99 |8 |94 |10 20 |34 |23 40 |6 |25 |77 |50 |29 |41 |31 |64 |4 |36 |71 
7874.33 109694
75 91 54 59 7 14 70 13 46 63 95 61 15 98 17 |84 82 76 80 49 90 12 37 56 21 69 68 53 97 |43 45 57 42 33 26 88 9 93 32 48 86 |47 19 55 89 5 58 16 62 24 51 38 83 67 ||96 |92 |78 28 |73 |77 |35 |31 |11 |2 |29 |18 |100 ||72 |66 39 |65 |50 |30 |3 |85 |6 |44 |60 |79 |25 |99 |94 |4 |10 20 |22 |23 40 |34 |8 |36 |52 |1 |41 |81 |64 87 |74 |27 |71 
7878.52 109679
75 91 54 59 7 14 70 13 46 63 95 61 15 98 17 |84 82 76 80 49 90 12 37 56 21 69 68 53 97 |43 45 57 42 33 26 88 9 93 32 48 86 |47 19 55 89 5 58 16 62 24 51 38 83 67 ||96 |92 |78 28 |73 |77 |35 |31 |11 |2 |29 |18 |100 ||72 |66 39 |65 |50 |30 |3 |85 |6 87 |44 |60 |79 |25 |99 |94 |4 |10 20 |22 |23 40 |34 |8 |36 |52 |1 |41 |81 |64 |74 |27 |71 
7889.99 109666
75 91 54 59 7 14 70 13 46 63 95 61 15 98 17 |84 82 76 80 49 90 12 37 56 21 69 68 53 97 |43 45 57 42 33 26 88 9 93 32 48 86 |47 19 55 89 5 58 16 62 24 51 38 83 67 ||96 |92 |28 |73 |77 |35 |31 |11 |2 |29 |18 |100 ||72 |66 39 |65 |50 |30 |3 |85 |6 87 |44 |60 |79 |25 |99 |94 |4 |10 20 |22 |23 40 |34 |8 |36 |52 |1 |78 41 |81 |64 |74 |27 |71 
7987.87 109664
75 91 54 59 7 14 70 13 46 63 95 61 15 98 17 |84 82 76 80 49 90 12 37 56 21 69 68 53 97 |43 45 57 42 33 26 88 9 93 32 48 86 |47 19 55 89 5 58 16 62 24 51 38 83 67 ||74 |96 |92 |78 28 |73 |77 |35 |31 |11 |2 |29 |18 |100 ||72 |66 39 |65 |50 |30 |3 |85 |6 87 |44 |60 |79 |25 |99 |94 |4 |10 20 |22 |23 |34 |8 |36 |52 |1 |41 |81 |64 |27 |71 |40 
8205.94 109617
75 91 54 59 7 14 70 13 46 63 95 61 15 98 17 |84 82 76 80 49 90 12 37 56 21 69 68 53 97 |43 45 57 42 33 26 88 9 93 32 48 86 |47 19 55 89 5 58 16 62 24 51 38 83 67 ||35 |4 |92 |78 28 |6 |50 |60 11 |34 |100 ||22 |73 |96 |72 |66 39 |65 |79 |27 |3 |85 |8 |87 |1 |44 |25 |2 |30 |99 |20 |52 |29 |23 40 |77 |94 |74 |36 |18 |41 |31 |64 |10 |81 |71 
8228.17 109615
75 91 54 59 7 14 70 13 46 63 95 61 15 98 17 |84 82 76 80 49 90 12 37 56 21 69 68 53 97 |43 45 57 42 33 26 88 9 93 32 48 86 |47 19 55 89 5 58 16 62 24 51 38 83 67 ||96 |100 ||92 |29 |35 |73 |28 |2 |31 |39 |11 |18 |77 |72 |66 |65 |50 |30 |3 |85 |6 87 |44 |60 |79 |25 |99 |94 |4 |10 20 |22 |23 40 |34 |8 |36 |52 |1 |78 41 |81 |64 |74 |27 |71 
8262.21 109603
75 91 54 59 7 14 70 13 46 63 95 61 15 98 17 |84 82 76 80 49 90 12 37 56 21 69 68 53 97 |43 45 57 42 33 26 88 9 93 32 48 86 |47 19 55 89 5 58 16 62 24 51 38 83 67 ||74 |25 |92 |78 28 |20 |35 |30 |60 |31 |99 |11 |77 |2 |72 |44 |65 |79 81 |50 |3 |85 |6 |87 |1 |66 39 |96 |10 |8 |94 |18 |100 ||23 |4 |52 |22 |40 |41 |29 |36 |34 |64 |27 |73 |71 
8303.47 109602
75 91 54 59 7 14 70 13 46 63 95 61 15 98 17 |84 82 76 80 49 90 12 37 56 21 69 68 53 97 |43 45 57 42 33 26 88 9 93 32 48 86 |47 19 55 89 5 58 16 62 24 51 38 83 67 ||60 |4 |92 |78 28 |73 |77 |35 |31 |11 |2 |29 |18 |100 ||72 |66 39 |65 |79 |27 |3 |85 |8 |87 |1 |44 |25 |96 |94 |10 |20 |23 81 |40 |6 |22 |99 |74 |52 |50 |41 |34 |30 |64 |36 |71 
8365.79 109570
75 91 54 59 7 14 70 13 46 63 95 61 15 98 17 |84 82 76 80 49 90 12 37 56 21 69 68 53 97 |43 45 57 42 33 26 88 9 93 32 48 86 |47 19 55 89 5 58 16 62 24 51 38 83 67 ||96 |92 |78 28 |100 ||6 |34 |35 |29 |18 |11 |40 |2 |72 |66 39 |65 |79 50 |27 |20 |85 |99 |87 |1 |73 |25 |8 |94 |44 |30 |81 |23 |4 |10 |52 |22 |3 |77 |74 |41 |36 |64 |31 |60 |71 
8420.77 109565
75 91 54 59 7 14 70 13 46 63 95 61 15 98 17 |84 82 76 80 49 90 12 37 56 21 69 68 53 97 |43 45 57 42 33 26 88 9 93 32 48 86 |47 19 55 89 5 58 16 62 24 51 38 83 67 ||60 |4 |92 |78 28 |73 |77 |35 |31 |11 |2 |29 |18 |100 ||72 |66 39 |65 |79 |27 |3 |85 |8 |87 |1 |44 |25 |96 |30 |99 |20 |52 |22 |23 40 |50 |94 |74 |36 |6 |41 |34 |64 |10 |81 |71 
8426.57 109565
75 91 54 59 7 14 70 13 46 63 95 61 15 98 17 |84 82 76 80 49 90 12 37 56 21 69 68 53 97 |43 45 57 42 33 26 88 9 93 32 48 86 |47 19 55 89 5 58 16 62 24 51 38 83 67 ||74 |96 |92 |78 28 |73 |77 |35 |31 |11 |2 |29 |18 |100 ||72 |66 |65 |50 |30 |3 |85 |6 87 |44 |60 |79 |25 |99 |94 |4 |10 20 |27 |23 |81 |39 |22 |34 |8 |1 |41 |40 |52 |64 |36 |71 
8485.53 109556
75 91 54 59 7 14 70 13 46 63 95 61 15 98 17 |84 82 76 80 49 90 12 37 56 21 69 68 53 97 |43 45 57 42 33 26 88 9 93 32 48 86 |47 19 55 89 5 58 16 62 24 51 38 83 67 ||74 |96 |4 |39 |78 |35 |30 |73 |2 |60 |52 |11 |99 |77 |72 |92 |1 |94 27 |66 |3 |85 |40 50 |87 |65 |44 |25 |8 |79 |6 |34 |81 |23 |18 |10 20 |36 |28 |22 |41 |100 ||64 |31 |29 |71 
8615.51 109554
75 91 54 59 7 14 70 13 46 63 95 61 15 98 17 |84 82 76 80 49 90 12 37 56 21 69 68 53 97 |43 45 57 42 33 26 88 9 93 32 48 86 |47 19 55 89 5 58 16 62 24 51 38 83 67 ||39 |96 |92 |78 28 |73 |77 |35 |31 |11 |2 |29 |18 |100 ||72 |66 |65 |4 |30 |3 |85 |6 87 |44 |60 |79 |25 |99 |50 |94 |10 |20 |27 |23 |81 |74 |22 |34 |8 |1 |41 |40 |52 |64 |36 |71 
8631.9 109505
75 91 54 59 7 14 70 13 46 63 95 61 15 98 17 |84 82 76 80 49 90 12 37 56 21 69 68 53 97 |43 45 57 42 33 26 88 9 93 32 48 86 |47 19 55 89 5 58 16 62 24 51 38 83 67 ||96 |18 |92 |78 |35 |20 |100 ||74 |29 |99 |11 |60 |28 |72 |44 |65 |79 50 |8 |73 |25 |4 |87 |1 |52 |27 |34 |39 |94 |10 |66 |23 81 |30 |6 |22 |3 |77 |85 |40 |41 |2 |31 |64 |36 |71 
8791.05 109503
75 91 54 59 7 14 70 13 46 63 95 61 15 98 17 |84 82 76 80 49 90 12 37 56 21 69 68 53 97 |43 45 57 42 33 26 88 9 93 32 48 86 |47 19 55 89 5 58 16 62 24 51 38 83 67 ||96 |4 |92 |78 |35 |73 |30 |2 |60 |3 |11 |40 |77 |72 |66 39 |65 |79 |8 |20 |25 |18 |87 |1 |52 |27 |34 |50 |94 |10 |44 |100 ||23 |81 |6 |22 |99 |28 |85 |29 |41 |74 |31 |64 |36 |71 
8840.64 109460
75 91 54 59 7 14 70 13 46 63 95 61 15 98 17 |84 82 76 80 49 90 12 37 56 21 69 68 53 97 |43 45 57 42 33 26 88 9 93 32 48 86 |47 19 55 89 5 58 16 62 24 51 38 83 67 ||96 |4 |92 |78 |35 |73 |30 |2 |40 |20 |11 |60 |28 |72 |44 |65 |79 |8 |99 |25 |18 |87 |1 |52 |27 |34 |50 |94 |10 |66 |100 ||23 |81 |6 |22 |3 |77 |85 |39 |41 |29 |74 |64 |71 31 |36 
8946.02 109459
75 91 54 59 7 14 70 13 46 63 95 61 15 98 17 |84 82 76 80 49 90 12 37 56 21 69 68 53 97 |43 45 57 42 33 26 88 9 93 32 48 86 |47 19 55 89 5 58 16 62 24 51 38 83 67 ||96 |18 |92 |78 |35 |20 |30 |2 |40 |99 |11 |60 |28 |72 |44 |65 |79 50 |27 |73 |25 |4 |81 |1 |52 |8 |34 |39 |94 |10 |66 |100 ||23 |87 |6 |22 |3 |77 |85 |29 |41 |74 |31 |64 |36 |71 
9007.14 109449
75 91 54 59 7 14 70 13 46 63 95 61 15 98 17 |84 82 76 80 49 90 12 37 56 21 69 68 53 97 |43 45 57 42 33 26 88 9 93 32 48 86 |47 19 55 89 5 58 16 62 24 51 38 83 67 ||66 |3 |4 |39 |78 |35 |30 |73 |2 |60 |52 |11 |99 |77 |72 |92 |1 |94 27 |74 |96 |85 |40 |87 |65 |44 |25 |8 |79 |6 |34 |81 |23 |100 ||10 |29 |22 |28 |20 |50 |41 |36 |64 |31 |18 |71 
9143.65 109449
75 91 54 59 7 14 70 13 46 63 95 61 15 98 17 |84 82 76 80 49 90 12 37 56 21 69 68 53 97 |43 45 57 42 33 26 88 9 93 32 48 86 |47 19 55 89 5 58 16 62 24 51 38 83 67 ||96 |4 |92 |78 |35 |73 |30 |2 |60 |20 |11 |40 |28 |72 |66 |65 |79 |8 |99 |25 |18 |87 |1 |52 |27 |34 |50 |94 |10 |44 |100 ||23 |81 |6 |22 |3 |77 |85 |39 |41 |29 74 |31 |64 |36 |71 
9293.94 109449
75 91 54 59 7 14 70 13 46 63 95 61 15 98 17 |84 82 76 80 49 90 12 37 56 21 69 68 53 97 |43 45 57 42 33 26 88 9 93 32 48 86 |47 19 55 89 5 58 16 62 24 51 38 83 67 ||96 |4 |92 |78 |35 |73 |30 |2 |40 |20 |11 |60 |28 |72 |44 |65 |79 |8 |99 |25 |18 |87 |1 |52 |27 |34 |50 |94 |10 |66 |100 ||23 |81 |6 |22 |3 |77 |85 |39 |41 |29 |64 |74 |31 |71 |36 
9570.64 109400

Time:230
Last Iter:1500
44
21 14 70 13 46 63 7 59 54 91 75 69 27 67 83 |26 33 42 57 45 61 95 15 98 52 87 43 88 47 17 |56 37 12 90 49 80 76 24 51 38 82 84 68 53 97 |62 16 58 19 9 93 55 5 89 32 48 86 ||81 10 |36 44 41 78 6 |11 73 60 1 100 8 18 72 |77 96 79 |23 20 4 39 30 31 71 28 22 |65 25 50 2 |35 85 94 40 29 66 |92 74 34 99 |64 |3 
5281.49 168056
24 62 16 58 5 19 55 9 26 33 88 93 89 32 48 |14 21 56 37 12 90 49 80 76 84 82 38 51 |68 69 59 45 57 42 43 47 83 67 86 |17 54 7 70 13 46 63 95 61 15 98 91 75 53 97 ||25 65 2 1 |40 81 |22 96 |18 30 31 87 6 44 77 74 |3 27 94 79 23 20 10 |35 71 52 72 4 |29 39 66 64 41 11 100 ||99 92 |60 73 |78 28 8 34 85 |50 36 |
5377.77 162426
24 62 16 58 5 19 55 9 26 33 88 93 89 32 48 |21 14 59 45 57 42 43 47 83 67 86 |17 54 7 70 13 46 63 95 61 15 98 91 75 |51 38 82 84 76 80 49 90 12 37 56 69 68 53 97 ||25 65 2 1 |40 81 |22 96 |18 30 31 87 6 44 77 74 |3 27 94 79 23 20 10 |35 71 52 72 4 |29 39 66 64 41 11 100 ||99 92 |34 85 |73 60 78 |36 28 8 50 
5863.16 161729
14 70 7 59 54 91 61 45 57 42 33 26 43 15 98 17 |95 63 46 13 69 37 56 21 40 75 53 97 8 86 |55 19 58 16 5 48 32 89 93 9 88 47 |68 82 84 12 90 49 80 76 24 62 51 38 83 67 ||22 |34 27 |11 |1 73 |29 |25 65 2 100 ||60 50 |64 72 87 6 44 |30 74 31 96 41 |81 |3 94 79 23 20 10 |71 52 4 |36 28 78 77 85 |92 |99 18 |35 |39 66 |
6443.6 160936
48 16 58 19 55 5 89 32 93 9 88 47 |82 84 12 90 49 80 76 24 62 51 38 83 67 |43 26 33 42 57 45 61 95 63 46 13 54 15 98 17 86 |68 69 37 56 21 14 70 7 59 91 75 53 97 ||22 |29 34 |1 73 11 |40 81 |100 65 |18 30 72 |64 |50 2 74 |99 |79 20 66 |77 |39 |44 36 |92 85 |4 |41 78 87 71 31 |27 |8 |25 |28 |6 52 |96 |35 |10 |60 |3 |23 |94 
6560.06 115955
48 16 58 19 55 5 89 32 93 9 88 47 |82 84 12 90 49 80 76 24 62 51 38 83 67 86 |43 26 33 42 57 45 61 95 63 46 13 54 15 98 17 |68 69 37 56 21 14 70 7 59 91 75 53 97 ||22 25 |34 |60 |1 |73 11 |81 40 |85 |18 72 |64 30 |50 |2 74 65 |99 |29 79 20 66 |77 |92 |41 44 |4 |39 |78 28 |71 31 |6 87 |27 35 |52 |96 36 |3 |100 8 |10 |23 |94 
6750.12 114707
48 16 58 19 55 5 89 32 93 9 88 47 |82 84 12 90 49 80 76 24 62 51 38 83 67 86 |43 26 33 42 57 45 61 95 63 46 13 54 15 98 17 |68 69 37 56 21 14 70 7 59 91 75 53 97 ||22 25 |34 |99 8 |1 73 |11 |81 40 |50 |65 |30 18 72 |64 |27 2 |74 |79 |20 66 |77 |92 100 ||36 44 |4 |85 |78 41 28 |71 31 |6 29 |3 |87 |96 |52 |60 |35 |10 39 |23 |94 
6835.47 112732
48 16 58 19 55 5 89 32 93 9 88 47 |82 84 12 90 49 80 76 24 62 51 38 83 67 86 |43 26 33 42 57 45 61 95 63 46 13 54 15 98 17 |68 69 37 56 21 14 70 7 59 91 75 53 97 ||22 25 |34 |1 73 |11 |81 40 |29 |85 |18 72 |64 30 |50 |8 2 74 |99 |79 |20 66 |77 |92 |36 44 |65 |4 |39 |78 28 |71 31 |6 87 |27 |3 100 ||41 96 |10 |60 |52 |35 |23 |94 
7017.46 112229
48 16 58 19 55 5 89 32 93 9 88 47 |82 84 12 90 49 80 76 24 62 51 38 83 67 86 |43 26 33 42 57 45 61 95 63 46 13 54 15 98 17 |68 69 37 56 21 14 70 7 59 91 75 53 97 ||22 25 |34 |8 |1 73 |11 |81 40 |29 |85 |18 72 |64 30 |50 |2 74 |99 |79 |20 66 |77 |92 |36 44 |65 |4 |39 |78 28 |71 31 |6 87 |27 |3 100 ||41 96 |35 |10 |52 |60 |23 |94 
7050.86 111917
48 16 58 19 55 5 89 32 93 9 88 47 |82 84 12 90 49 80 76 24 62 51 38 83 67 86 |43 26 33 42 57 45 61 95 63 46 13 54 15 98 17 |68 69 37 56 21 14 70 7 59 91 75 53 97 ||22 25 |34 |100 ||1 73 |11 |81 40 |29 |85 |18 72 |64 30 |50 |2 74 |99 |79 |20 66 |77 |92 |36 44 |65 |4 |39 |78 28 |71 31 |6 87 |27 |3 8 |96 |41 |35 |60 |10 23 |52 |94 
7256.9 111738
48 16 58 19 55 5 89 32 93 9 88 47 |82 84 12 90 49 80 76 24 62 51 38 83 67 86 |43 26 33 42 57 45 61 95 63 46 13 54 15 98 17 |68 69 37 56 21 14 70 7 59 91 75 53 97 ||22 25 |34 |60 |1 |73 11 |81 40 |29 |85 |18 72 |64 30 |50 |2 74 |99 |79 |20 66 |77 |92 |41 44 |65 |4 |39 |78 28 |71 31 |6 87 |27 |10 |52 |96 |35 |3 |100 8 |36 |23 |94 
7283.84 111670
48 16 58 19 55 5 89 32 93 9 88 47 |82 84 12 90 49 80 76 24 62 51 38 83 67 86 |43 26 33 42 57 45 61 95 63 46 13 54 15 98 17 |68 69 37 56 21 14 70 7 59 91 75 53 97 ||22 25 |34 |8 |1 73 |60 11 |81 40 |29 |85 |18 72 |64 30 |50 |2 74 |99 |79 |20 66 |77 |92 |41 44 |65 |4 |39 |78 28 |71 31 |6 87 |27 |10 |52 |96 |35 |3 |23 |100 ||36 |94 
7288.19 111641
48 16 58 19 55 5 89 32 93 9 88 47 |82 84 12 90 49 80 76 24 62 51 38 83 67 86 |43 26 33 42 57 45 61 95 63 46 13 54 15 98 17 |68 69 37 56 21 14 70 7 59 91 75 53 97 ||22 25 |34 |100 ||1 73 |11 |81 40 |29 |85 |18 72 |64 30 |50 |2 74 |99 |79 |20 |66 |77 |92 |36 44 |65 |4 |39 |78 28 |71 31 |6 87 |27 |3 8 |96 |41 |35 |60 |10 23 |52 |94 
7340.58 111545
48 16 58 19 55 5 89 32 93 9 88 47 |82 84 12 90 49 80 76 24 62 51 38 83 67 86 |43 26 33 42 57 45 61 95 63 46 13 54 15 98 17 |68 69 37 56 21 14 70 7 59 91 75 53 97 ||22 25 |34 |65 |1 73 11 |81 40 |100 8 |85 |18 30 |72 |64 |2 50 |74 |27 |79 |20 |66 |77 |39 |36 44 |4 |92 |78 28 |71 31 |6 87 |29 |41 |52 |96 |3 99 |35 |10 |60 |23 |94 
7346.04 111464
48 16 58 19 55 5 89 32 93 9 88 47 |82 84 12 90 49 80 76 24 62 51 38 83 67 86 |43 26 33 42 57 45 61 95 63 46 13 54 15 98 17 |68 69 37 56 21 14 70 7 59 91 75 53 97 ||22 25 |34 |99 |1 73 11 |81 40 |100 8 |85 |18 30 |72 |64 |2 50 |74 |27 |79 |20 |66 |77 |39 |36 44 |65 |92 |3 |78 41 |71 31 |6 87 |60 |28 |52 |96 |29 |10 |23 |35 |4 |94 
7410 111386
48 16 58 19 55 5 89 32 93 9 88 47 |82 84 12 90 49 80 76 24 62 51 38 83 67 86 |43 26 33 42 57 45 61 95 63 46 13 54 15 98 17 |68 69 37 56 21 14 70 7 59 91 75 53 97 ||22 25 |34 |50 |1 73 |11 |81 40 |60 |65 |30 |72 |64 52 |8 |2 74 |99 |79 |20 |66 |77 |92 |36 44 |85 |4 |39 |78 28 41 |71 31 |6 87 |27 |35 |100 ||96 |18 |10 |29 |3 |23 |94 
7438.32 111325
48 16 58 19 55 5 89 32 93 9 88 47 |82 84 12 90 49 80 76 24 62 51 38 83 67 86 |43 26 33 42 57 45 61 95 63 46 13 54 15 98 17 |68 69 37 56 21 14 70 7 59 91 75 53 97 ||22 25 |34 |99 8 |1 73 |81 40 |52 |65 |18 30 |64 |72 |2 50 |74 |27 |79 |20 |66 |77 |39 |36 44 |85 |92 |4 |78 28 |71 31 |6 87 |29 |3 |11 |96 |10 |100 ||35 |41 |60 |23 |94 
7483.8 111232
48 16 58 19 55 5 89 32 93 9 88 47 |82 84 12 90 49 80 76 24 62 51 38 83 67 86 |43 26 33 42 57 45 61 95 63 46 13 54 15 98 17 |68 69 37 56 21 14 70 7 59 91 75 53 97 ||22 25 |34 |8 |1 73 |11 |81 40 |29 |65 |30 |72 |64 52 |2 |50 74 |99 |79 |20 |66 |77 |92 |41 44 |85 |4 |39 |3 |78 28 |71 31 |6 87 |27 |60 |100 ||35 |10 |36 |18 |96 |23 |94 
7549.86 111197
48 16 58 19 55 5 89 32 93 9 88 47 |82 84 12 90 49 80 76 24 62 51 38 83 67 86 |43 26 33 42 57 45 61 95 63 46 13 54 15 98 17 |68 69 37 56 21 14 70 7 59 91 75 53 97 ||22 25 |34 |60 |1 73 |11 |81 40 |8 |65 |30 |72 |64 52 |50 |2 74 |99 |79 |20 |66 |77 |92 |41 44 |85 |39 |4 |78 28 |71 31 |6 87 |18 |3 |100 ||29 |96 |10 |27 |35 |36 |23 |94 
7564.51 111163
48 16 58 19 55 5 89 32 93 9 88 47 |82 84 12 90 49 80 76 24 62 51 38 83 67 86 |43 26 33 42 57 45 61 95 63 46 13 54 15 98 17 |68 69 37 56 21 14 70 7 59 91 75 53 97 ||22 25 |34 |27 |1 73 |11 |81 40 |8 |65 |18 30 |64 |72 |2 50 |74 |99 |79 |20 |66 |77 |92 |41 44 |85 |4 |39 |78 28 |71 31 |6 87 |52 |3 |100 ||96 |60 |35 |29 |10 |36 |23 |94 
7567.41 111153
48 16 58 19 55 5 89 32 93 9 88 47 |82 84 12 90 49 80 76 24 62 51 38 83 67 86 |43 26 33 42 57 45 61 95 63 46 13 54 15 98 17 |68 69 37 56 21 14 70 7 59 91 75 53 97 ||22 25 |34 |8 |1 73 |11 |81 40 |29 |85 |30 |72 |64 52 |2 |65 |74 |18 |79 |20 |66 |77 |39 |41 44 |50 |4 |92 |78 28 |71 31 |6 87 |35 |96 |99 |10 |27 |100 ||36 |3 |60 |23 |94 
7567.79 111075
48 16 58 19 55 5 89 32 93 9 88 47 |82 84 12 90 49 80 76 24 62 51 38 83 67 86 |43 26 33 42 57 45 61 95 63 46 13 54 15 98 17 |68 69 37 56 21 14 70 7 59 91 75 53 97 ||22 25 |34 |85 |1 |73 |60 11 |81 40 |50 |30 |72 |64 52 |2 |65 |74 |4 |79 |20 |66 |77 |29 |41 44 |99 |92 |18 |78 28 |71 31 |6 87 |35 |96 |39 |3 |27 |8 |36 |10 |100 ||23 |94 
7623.33 111069
48 16 58 19 55 5 89 32 93 9 88 47 |82 84 12 90 49 80 76 24 62 51 38 83 67 86 |43 26 33 42 57 45 61 95 63 46 13 54 15 98 17 |68 69 37 56 21 14 70 7 59 91 75 53 97 ||22 25 |34 |60 |1 |73 |11 |81 40 |65 |85 |30 |72 |64 52 |2 |50 |74 |18 |79 |20 |66 |77 |39 |41 44 |8 |92 |4 |78 28 |71 31 |6 87 |35 |96 |99 |10 |27 |100 ||36 |3 |29 |23 |94 
7668.38 111018
48 16 58 19 55 5 89 32 93 9 88 47 |82 84 12 90 49 80 76 24 62 51 38 83 67 86 |43 26 33 42 57 45 61 95 63 46 13 54 15 98 17 |68 69 37 56 21 14 70 7 59 91 75 53 97 ||22 25 |34 |29 |1 73 |11 |81 40 |100 ||85 |30 |72 |64 52 |2 |65 |74 |20 |79 |27 |66 |77 |92 |41 44 |8 |4 |36 |78 28 |50 |31 |6 87 |35 |39 |60 |96 |3 |10 |18 |99 |71 |23 |94 
7773.84 111016
48 16 58 19 55 5 89 32 93 9 88 47 |82 84 12 90 49 80 76 24 62 51 38 83 67 86 |43 26 33 42 57 45 61 95 63 46 13 54 15 98 17 |68 69 37 56 21 14 70 7 59 91 75 53 97 ||22 25 |34 |29 |1 |73 |11 |81 40 |50 |65 |30 |72 |64 52 |2 |85 |74 |4 |79 |20 |66 |77 |39 |41 44 |18 |8 |3 |78 28 |71 |27 |6 87 |31 |35 |10 |96 |99 |60 |36 |92 100 ||23 |94 
7807.05 111013
48 16 58 19 55 5 89 32 93 9 88 47 |82 84 12 90 49 80 76 24 62 51 38 83 67 86 |43 26 33 42 57 45 61 95 63 46 13 54 15 98 17 |68 69 37 56 21 14 70 7 59 91 75 53 97 ||22 25 |34 |50 |1 |73 |11 |81 40 |27 |65 |30 |72 |64 52 |2 |85 |74 |4 |79 |20 |66 |77 |39 |41 44 |8 |18 |92 |78 28 |71 |31 |6 87 |60 |36 |99 |35 |10 |29 |100 ||3 |96 |23 |94 
7838.66 110959
48 16 58 19 55 5 89 32 93 9 88 47 |82 84 12 90 49 80 76 24 62 51 38 83 67 86 |43 26 33 42 57 45 61 95 63 46 13 54 15 98 17 |68 69 37 56 21 14 70 7 59 91 75 53 97 ||22 25 |34 |85 |1 |73 |60 11 |81 |29 |65 |30 |72 |64 52 |50 |2 |74 |4 |79 |20 |66 |77 |39 |41 44 |18 |8 |3 |78 28 |71 |31 |6 87 |40 |36 |99 |10 |27 |100 ||35 |92 |96 |23 |94 
7914.08 110951
48 16 58 19 55 5 89 32 93 9 88 47 |82 84 12 90 49 80 76 24 62 51 38 83 67 86 |43 26 33 42 57 45 61 95 63 46 13 54 15 98 17 |68 69 37 56 21 14 70 7 59 91 75 53 97 ||22 25 |34 |50 |1 |73 |60 11 |81 40 |29 |85 |30 |72 |64 52 |2 |65 |74 |79 |66 |20 |77 |39 |28 |44 |8 |92 |3 |78 41 |71 |31 |6 87 |27 |96 |4 |35 |10 |18 |100 ||36 |99 |23 |94 
8059.17 110949
48 16 58 19 55 5 89 32 93 9 88 47 |82 84 12 90 49 80 76 24 62 51 38 83 67 86 |43 26 33 42 57 45 61 95 63 46 13 54 15 98 17 |68 69 37 56 21 14 70 7 59 91 75 53 97 ||22 25 |34 |2 |1 |73 |11 |81 40 |3 |85 |30 |72 |64 52 |50 |65 |74 |18 |79 |20 |66 |77 |92 |27 |44 |31 |39 |8 |78 41 |100 ||36 |6 87 |35 |4 |10 |96 |60 |71 |28 |99 |29 |23 |94 
8072.3 110899
48 16 58 19 55 5 89 32 93 9 88 47 |82 84 12 90 49 80 76 24 62 51 38 83 67 86 |43 26 33 42 57 45 61 95 63 46 13 54 15 98 17 |68 69 37 56 21 14 70 7 59 91 75 53 97 ||22 25 |34 |2 |1 |73 |60 11 |81 |40 |85 |30 |72 |64 52 |50 |65 |74 |18 |79 |20 |66 |77 |39 |3 |44 |8 |4 |92 |78 28 |71 |31 |6 87 |27 |36 |99 |35 |10 |29 |100 ||41 |96 |23 |94 
8137.68 110893
48 16 58 19 55 5 89 32 93 9 88 47 |82 84 12 90 49 80 76 24 62 51 38 83 67 86 |43 26 33 42 57 45 61 95 63 46 13 54 15 98 17 |68 69 37 56 21 14 70 7 59 91 75 53 97 ||22 25 |34 |40 |1 |73 |60 11 |81 |50 |85 |30 |72 |64 52 |2 |65 |74 |20 |79 |18 |66 |77 |92 |31 |44 |4 |8 |39 |78 41 |71 |3 |6 87 |29 |36 |99 |10 |100 ||35 |28 |27 |96 |23 |94 
8203.77 110890
48 16 58 19 55 5 89 32 93 9 88 47 |82 84 12 90 49 80 76 24 62 51 38 83 67 86 |43 26 33 42 57 45 61 95 63 46 13 54 15 98 17 |68 69 37 56 21 14 70 7 59 91 75 53 97 ||22 25 |34 |50 |1 |73 |60 11 |81 |40 |65 |30 |72 |64 52 |2 |79 |74 |20 29 |85 |27 |66 |77 |92 |31 |44 |4 |8 |39 |78 41 |71 |3 |6 |87 |36 |100 ||10 |99 |28 |35 |96 |18 |23 |94 
8239.27 110890
48 16 58 19 55 5 89 32 93 9 88 47 |82 84 12 90 49 80 76 24 62 51 38 83 67 86 |43 26 33 42 57 45 61 95 63 46 13 54 15 98 17 |68 69 37 56 21 14 70 7 59 91 75 53 97 ||22 25 |34 |60 |1 |73 |11 |81 40 |8 |18 |30 |72 |79 |64 |50 |65 |74 |3 |29 |20 |85 |77 |39 |52 |44 |2 |4 |92 |78 28 |71 |27 |6 87 |66 |36 |99 |96 |31 |41 |100 ||35 |10 |23 |94 
8259.26 110850
48 16 58 19 55 5 89 32 93 9 88 47 |82 84 12 90 49 80 76 24 62 51 38 83 67 86 |43 26 33 42 57 45 61 95 63 46 13 54 15 98 17 |68 69 37 56 21 14 70 7 59 91 75 53 97 ||22 25 |34 |60 |1 |73 |11 |81 40 |8 |18 |30 |72 |79 |64 |50 |65 |74 |3 |29 |20 |85 |77 |39 |52 |44 |2 |4 |92 |78 41 |71 |27 |6 87 |35 |96 |99 |36 |31 |28 |66 |10 |100 ||23 |94 
8264.94 110848
48 16 58 19 55 5 89 32 93 9 88 47 |82 84 12 90 49 80 76 24 62 51 38 83 67 86 |43 26 33 42 57 45 61 95 63 46 13 54 15 98 17 |68 69 37 56 21 14 70 7 59 91 75 53 97 ||22 25 |34 |60 |1 73 |11 |81 |40 |99 |8 |30 |72 |79 |64 |50 |65 |74 |3 |29 |20 |85 |77 |39 |52 |44 |2 |4 |92 |78 28 |71 |27 |6 87 |35 |96 |10 |31 |41 |100 ||36 |18 |66 |23 |94 
8346.25 110848
48 16 58 19 55 5 89 32 93 9 88 47 |82 84 12 90 49 80 76 24 62 51 38 83 67 86 |43 26 33 42 57 45 61 95 63 46 13 54 15 98 17 |68 69 37 56 21 14 70 7 59 91 75 53 97 ||22 25 |34 |50 |1 |73 |60 11 |40 |100 ||66 |30 |72 |79 |64 |2 |65 |74 |3 |29 |20 |85 |77 |39 |31 |44 |8 |92 |52 |78 28 |71 |27 |6 87 |4 |36 |99 |96 |81 |10 |41 |35 |18 |23 |94 
8360.05 110842
48 16 58 19 55 5 89 32 93 9 88 47 |82 84 12 90 49 80 76 24 62 51 38 83 67 86 |43 26 33 42 57 45 61 95 63 46 13 54 15 98 17 |68 69 37 56 21 14 70 7 59 91 75 53 97 ||22 25 |34 |50 |1 |73 |60 11 |81 |40 |52 |30 |72 |79 |64 |2 |65 |74 |3 |29 |20 |85 |77 |39 |31 |44 |8 |66 |92 |78 41 |71 |27 |6 87 |35 |96 |99 |36 |4 |100 ||28 |18 |10 |23 |94 
8372.6 110840
48 16 58 19 55 5 89 32 93 9 88 47 |82 84 12 90 49 80 76 24 62 51 38 83 67 86 |43 26 33 42 57 45 61 95 63 46 13 54 15 98 17 |68 69 37 56 21 14 70 7 59 91 75 53 97 ||22 25 |34 |2 |1 |73 |11 |81 40 |60 |66 |30 |72 |64 |79 |50 |74 |65 |52 |3 |20 |85 |77 |39 |6 |44 |4 |100 ||99 |92 |78 28 |71 |31 |87 |8 |36 |29 |96 |27 |10 |41 |35 |18 |23 |94 
8415.02 110800
48 16 58 19 55 5 89 32 93 9 88 47 |82 84 12 90 49 80 76 24 62 51 38 83 67 86 |43 26 33 42 57 45 61 95 63 46 13 54 15 98 17 |68 69 37 56 21 14 70 7 59 91 75 53 97 ||22 25 |34 |100 ||1 |73 |11 |81 40 |35 |85 |30 |72 |64 |79 |2 |65 |74 |8 |29 |20 |66 |4 |77 |52 |44 |3 |92 |39 |60 |78 41 |71 |31 |87 |50 |96 |99 |10 |27 |18 |6 |36 |28 |23 |94 
8444.32 110798
48 16 58 19 55 5 89 32 93 9 88 47 |82 84 12 90 49 80 76 24 62 51 38 83 67 86 |43 26 33 42 57 45 61 95 63 46 13 54 15 98 17 |68 69 37 56 21 14 70 7 59 91 75 53 97 ||22 25 |34 |85 |1 |73 |60 11 |81 |40 |4 |30 |72 |79 |64 |50 |2 |74 |65 |29 |20 |66 |77 |99 |35 |44 |52 |92 |3 |100 ||78 41 |71 |31 |87 |8 |36 |27 |96 |39 |10 |18 |6 |28 |23 |94 
8516.9 110790
48 16 58 19 55 5 89 32 93 9 88 47 |82 84 12 90 49 80 76 24 62 51 38 83 67 86 |43 26 33 42 57 45 61 95 63 46 13 54 15 98 17 |68 69 37 56 21 14 70 7 59 91 75 53 97 ||22 25 |34 |50 |1 |73 |60 11 |81 |40 |4 |30 |72 |79 |64 |2 |65 |74 |85 |29 |20 |66 |77 |39 |35 |44 |52 |100 ||18 |8 |41 |71 |31 |6 87 |78 |36 |27 |96 |99 |3 |10 |28 |92 |23 |94 
8675.13 110787
48 16 58 19 55 5 89 32 93 9 88 47 |82 84 12 90 49 80 76 24 62 51 38 83 67 86 |43 26 33 42 57 45 61 95 63 46 13 54 15 98 17 |68 69 37 56 21 14 70 7 59 91 75 53 97 ||22 25 |34 |85 |1 |73 |11 |81 40 |92 |4 |30 |72 |79 |64 |2 |65 |74 |50 |29 |20 |66 |77 |39 |35 |44 |52 |8 |99 |100 ||78 |71 |60 |6 |87 |27 |41 |28 |96 |10 |31 |36 |23 |3 |18 |94 
8765.65 110745
48 16 58 19 55 5 89 32 93 9 88 47 |82 84 12 90 49 80 76 24 62 51 38 83 67 86 |43 26 33 42 57 45 61 95 63 46 13 54 15 98 17 |68 69 37 56 21 14 70 7 59 91 75 53 97 ||22 25 |34 |65 |1 73 |11 |81 |40 |4 |3 |30 |72 |79 |64 |2 |85 |74 |50 |29 |20 |66 |77 |39 |35 |44 |8 |52 |99 |100 ||78 |71 |31 |6 |87 |27 |36 |18 |92 |10 |28 |41 |60 |96 |23 |94 
8823.46 110743
48 16 58 19 55 5 89 32 93 9 88 47 |82 84 12 90 49 80 76 24 62 51 38 83 67 86 |43 26 33 42 57 45 61 95 63 46 13 54 15 98 17 |68 69 37 56 21 14 70 7 59 91 75 53 97 ||22 25 |3 |50 |1 |73 |60 11 |81 |40 |4 |30 |72 |79 |64 |2 |65 |74 |85 |29 |20 |66 |77 |39 |35 |44 |8 |52 |99 |100 ||78 |71 |31 |6 |87 |18 |36 |34 |10 |27 |41 |92 |28 |96 |23 |94 
8834.66 110737

